0.0000000001,0.9999894843
0.0011612996,0.9659221532
0.0017723350,0.9579008909
0.0024447099,0.9505559926
0.0055918795,0.9252211292
0.0073740671,0.9141276114
0.0092456824,0.9038455287
0.0112003220,0.8941684261
0.0122039498,0.8895285116
0.0142420309,0.8806600198
0.0152859804,0.8763635151
0.0163211988,0.8722455529
0.0173715220,0.8681989301
0.0184382204,0.8642125910
0.0205429616,0.8566718395
0.0216119982,0.8529898023
0.0226874279,0.8493765361
0.0237651448,0.8458405214
0.0259467988,0.8389198994
0.0270374622,0.8355692784
0.0313819561,0.8228504697
0.0335461426,0.8168439391
0.0357119454,0.8110239556
0.0378793499,0.8053738202
0.0421245632,0.7947573067
0.0442485743,0.7896465491
0.0453108161,0.7871366259
0.0463678279,0.7846680983
0.0484718366,0.7798367956
0.0505548969,0.7751558387
0.0515956857,0.7728531626
0.0536804267,0.7683096317
0.0557571264,0.7638705304
0.0578289419,0.7595235108
0.0598860753,0.7552836840
0.0639905072,0.7470365498
0.0670527767,0.7410544909
0.0680657495,0.7391058653
0.0700995404,0.7352368221
0.0751937914,0.7257851364
0.0762103252,0.7239378237
0.0772231944,0.7221093842
0.0792528891,0.7184811034
0.0812793931,0.7149045895
0.0822923094,0.7131336384
0.0833020611,0.7113790356
0.0843148914,0.7096297340
0.0853240314,0.7078972246
0.0863361730,0.7061698228
0.0873494798,0.7044505459
0.0893676528,0.7010557698
0.0913873872,0.6976965312
0.0923974601,0.6960304948
0.0964393518,0.6894531407
0.0984532027,0.6862274667
0.0994620038,0.6846240278
0.1004686769,0.6830320570
0.1014778843,0.6814440642
0.1034889593,0.6783030008
0.1065113264,0.6736392695
0.1075171046,0.6721019905
0.1105412889,0.6675224987
0.1125586220,0.6645024262
0.1135692240,0.6629996676
0.1145703720,0.6615175455
0.1155736397,0.6600387673
0.1165790942,0.6585631915
0.1185884398,0.6556332772
0.1216048952,0.6512810657
0.1226117877,0.6498403398
0.1236138187,0.6484124309
0.1266288059,0.6441505854
0.1276331204,0.6427422214
0.1306492659,0.6385456241
0.1316565646,0.6371549028
0.1336661888,0.6343961312
0.1346714681,0.6330238861
0.1356757096,0.6316581621
0.1366794375,0.6302981775
0.1376834503,0.6289427937
0.1386893002,0.6275898763
0.1406979479,0.6249027488
0.1427051064,0.6222367059
0.1437102024,0.6209087150
0.1467215834,0.6169574653
0.1517373003,0.6104652772
0.1527405289,0.6091796718
0.1537442813,0.6078976138
0.1567551035,0.6040768970
0.1607657072,0.5990440084
0.1617683085,0.5977956881
0.1667889969,0.5916019137
0.1708037274,0.5867159240
0.1718067926,0.5855041706
0.1758228774,0.5806876136
0.1768242806,0.5794952073
0.1778252033,0.5783067427
0.1788275384,0.5771199480
0.1838421355,0.5712318395
0.1858496519,0.5688971679
0.1898641784,0.5642659315
0.1908653578,0.5631185998
0.1958799520,0.5574167287
0.1968825267,0.5562855348
0.1978863809,0.5551557791
0.1998908284,0.5529084787
0.2018966761,0.5506708599
0.2029002818,0.5495554620
0.2039023420,0.5484445305
0.2049056364,0.5473349622
0.2069098050,0.5451266055
0.2099165426,0.5418334991
0.2149292816,0.5363953391
0.2179354426,0.5331644373
0.2189385128,0.5320913414
0.2199411096,0.5310212056
0.2209443987,0.5299527698
0.2219479223,0.5288865080
0.2229497945,0.5278244029
0.2239527947,0.5267634896
0.2249543898,0.5257064308
0.2259571022,0.5246505473
0.2269598923,0.5235969225
0.2279637924,0.5225444603
0.2299677528,0.5204504689
0.2319710025,0.5183663192
0.2339754122,0.5162899502
0.2419877723,0.5080774732
0.2429890820,0.5070607725
0.2449932324,0.5050320895
0.2459960658,0.5040200954
0.2469978573,0.5030112101
0.2500037119,0.4999962881
0.2510060990,0.4989949112
0.2540106605,0.4960052971
0.2550132341,0.4950116496
0.2570169550,0.4930316035
0.2590211470,0.4910587981
0.2600222448,0.4900762363
0.2610243081,0.4890946192
0.2620263758,0.4881148803
0.2640302625,0.4861612486
0.2650327522,0.4851866822
0.2700420822,0.4803442657
0.2710447960,0.4793803730
0.2730496341,0.4774584857
0.2750524520,0.4755455673
0.2760548037,0.4745908226
0.2770557516,0.4736391432
0.2780568760,0.4726890140
0.2810630011,0.4698462477
0.2820640714,0.4689029548
0.2830660316,0.4679604981
0.2850691304,0.4660813447
0.2880751084,0.4632737118
0.2970902136,0.4549401743
0.2990933745,0.4531057008
0.3000947068,0.4521909942
0.3010968758,0.4512770500
0.3031018428,0.4494531420
0.3041017718,0.4485457663
0.3051025241,0.4476391359
0.3071044517,0.4458299433
0.3081053668,0.4449276022
0.3101083583,0.4431262636
0.3111099191,0.4422277176
0.3131149498,0.4404332481
0.3151174522,0.4386467670
0.3181217641,0.4359771599
0.3191235216,0.4350898110
0.3211272782,0.4333190685
0.3221292714,0.4324356676
0.3231305050,0.4315543078
0.3251346391,0.4297942134
0.3271364512,0.4280415651
0.3301418116,0.4254203175
0.3341459404,0.4219464208
0.3351472582,0.4210809571
0.3371507677,0.4193531471
0.3411582977,0.4159124229
0.3441647139,0.4133444674
0.3461677626,0.4116397680
0.3471695375,0.4107890552
0.3481717360,0.4099392099
0.3491724318,0.4090918584
0.3501738456,0.4082451135
0.3511740724,0.4074005802
0.3531759396,0.4057139245
0.3551786772,0.4040313119
0.3561801620,0.4031916874
0.3601857453,0.3998452322
0.3641910201,0.3965175892
0.3661940554,0.3948603009
0.3671954009,0.3940334985
0.3691974477,0.3923837990
0.3732040997,0.3890956706
0.3752075512,0.3874581229
0.3782126106,0.3850100728
0.3822199836,0.3817605775
0.3872279612,0.3777235653
0.3902315329,0.3753148530
0.3942368997,0.3721171290
0.3952387682,0.3713198204
0.3962404890,0.3705236390
0.3972416358,0.3697289188
0.3992443010,0.3681421829
0.4002458160,0.3673501632
0.4022491451,0.3657688551
0.4032503499,0.3649800398
0.4042521769,0.3641917137
0.4052537047,0.3634045989
0.4062556224,0.3626181502
0.4072569386,0.3618331421
0.4092606576,0.3602651662
0.4112624413,0.3587025329
0.4132653697,0.3571428077
0.4142662300,0.3563648316
0.4202752273,0.3517136225
0.4212756052,0.3509425255
0.4222765645,0.3501718962
0.4242787754,0.3486331484
0.4322886274,0.3425134013
0.4342917680,0.3409918301
0.4362941875,0.3394743097
0.4372952371,0.3387169766
0.4382968603,0.3379600765
0.4392987002,0.3372038774
0.4413025499,0.3356939336
0.4453071467,0.3326866203
0.4463088270,0.3319365097
0.4503146730,0.3289451044
0.4513157024,0.3281996558
0.4523164657,0.3274552315
0.4533177831,0.3267112187
0.4573225003,0.3237437614
0.4583238268,0.3230038207
0.4643320495,0.3185808562
0.4653337494,0.3178462421
0.4663344235,0.3171131693
0.4673354687,0.3163806112
0.4683365246,0.3156488294
0.4693381161,0.3149174385
0.4713408502,0.3134573209
0.4723419756,0.3127286012
0.4753462181,0.3105464351
0.4763472245,0.3098208751
0.4783501167,0.3083714026
0.4793520007,0.3076474881
0.4803525678,0.3069252798
0.4823545902,0.3054824766
0.4833559019,0.3047619819
0.4873615883,0.3018871235
0.4913671616,0.2990241363
0.4923677196,0.2983108098
0.4943702513,0.2968853214
0.4973743280,0.2947522931
0.4993769647,0.2933339086
0.5013789612,0.2919188173
0.5043826400,0.2898009856
0.5053842016,0.2890962079
0.5113927177,0.2848827245
0.5153968896,0.2820885224
0.5194012903,0.2793049949
0.5224037735,0.2772249496
0.5234051073,0.2765325803
0.5264080749,0.2744601493
0.5274095904,0.2737702909
0.5284107867,0.2730813066
0.5294124578,0.2723926486
0.5304134599,0.2717051010
0.5344186562,0.2689605645
0.5364214821,0.2675919975
0.5374231840,0.2669084750
0.5384241045,0.2662261217
0.5394254907,0.2655440853
0.5404269200,0.2648626523
0.5414278987,0.2641821566
0.5444310258,0.2621443056
0.5454323428,0.2614660856
0.5504375180,0.2580852354
0.5514389117,0.2574106709
0.5524404694,0.2567366083
0.5554438198,0.2547189659
0.5574461165,0.2533768578
0.5584478256,0.2527063324
0.5604500000,0.2513679142
0.5634549518,0.2493636355
0.5694615527,0.2453732362
0.5754693100,0.2414030649
0.5764697757,0.2407439327
0.5784715703,0.2394268146
0.5814749025,0.2374549833
0.5824759068,0.2367989081
0.5834765886,0.2361436073
0.5864795462,0.2341804742
0.5894829039,0.2322220999
0.5904841227,0.2315703528
0.5914852917,0.2309191904
0.5924868846,0.2302683035
0.5954904730,0.2283197080
0.5974928613,0.2270233760
0.6004967023,0.2250827771
0.6055025383,0.2218595639
0.6065038176,0.2212164501
0.6075050713,0.2205738834
0.6085062356,0.2199319032
0.6095078120,0.2192901871
0.6105086888,0.2186494456
0.6145143125,0.2160903671
0.6165163252,0.2148144645
0.6205210002,0.2122684466
0.6215226154,0.2116329437
0.6235244214,0.2103643743
0.6255267345,0.2090975190
0.6285308933,0.2072005971
0.6325350814,0.2046792588
0.6335364007,0.2040500011
0.6345377382,0.2034212291
0.6355385583,0.2027932776
0.6365397727,0.2021655732
0.6385419343,0.2009118107
0.6405448978,0.1996595113
0.6435481693,0.1977854593
0.6455511954,0.1965379938
0.6475530688,0.1952931784
0.6495554858,0.1940499483
0.6525587103,0.1921889390
0.6545609448,0.1909505918
0.6565628695,0.1897143285
0.6585649820,0.1884798326
0.6595660804,0.1878632625
0.6605675589,0.1872469263
0.6615690601,0.1866310431
0.6625702503,0.1860158169
0.6655743074,0.1841726240
0.6665755394,0.1835592248
0.6675771477,0.1829460558
0.6715809484,0.1804995739
0.6725815516,0.1798893053
0.6745836545,0.1786695826
0.6765863940,0.1774512817
0.6775870496,0.1768432412
0.6795890291,0.1756281002
0.6805903522,0.1750209989
0.6815913005,0.1744145710
0.6855961635,0.1719926549
0.6875983946,0.1707844703
0.6906018299,0.1689754336
0.6946066087,0.1665693738
0.6956081144,0.1659687570
0.6996120925,0.1635718247
0.7006128849,0.1629737848
0.7016140349,0.1623759585
0.7026149662,0.1617786890
0.7046173934,0.1605850886
0.7086222330,0.1582029740
0.7136271913,0.1552354226
0.7156293530,0.1540512113
0.7176317479,0.1528685179
0.7186332155,0.1522776306
0.7286437738,0.1463936658
0.7296449298,0.1458074398
0.7326481332,0.1440513256
0.7356513949,0.1422987730
0.7366525763,0.1417153291
0.7376535200,0.1411324200
0.7396557111,0.1399676105
0.7426591227,0.1382232756
0.7436604837,0.1376424850
0.7466638944,0.1359028444
0.7486659356,0.1347451615
0.7496671382,0.1341667954
0.7536717145,0.1318573191
0.7566754738,0.1301290476
0.7576762216,0.1295540100
0.7596783202,0.1284047269
0.7606796703,0.1278304808
0.7646847839,0.1255374314
0.7656859219,0.1249651882
0.7676885121,0.1238216437
0.7686896065,0.1232505452
0.7716931166,0.1215393483
0.7726940288,0.1209698362
0.7736952654,0.1204005085
0.7756974744,0.1192631072
0.7807029587,0.1164260310
0.7817041419,0.1158596594
0.7837066697,0.1147279120
0.7847075981,0.1141627700
0.7857088459,0.1135978081
0.7927158703,0.1096540727
0.7937169808,0.1090920469
0.7947177613,0.1085305607
0.7987219291,0.1062875580
0.8007240878,0.1051681232
0.8037271570,0.1034916860
0.8047284777,0.1029334040
0.8067307814,0.1018180689
0.8077319714,0.1012608992
0.8097339845,0.1001477985
0.8117364375,0.0990358290
0.8127375240,0.0984804361
0.8137385638,0.0979254112
0.8147399117,0.0973705568
0.8157408920,0.0968162468
0.8177431682,0.0957084717
0.8207469489,0.0940491466
0.8217481147,0.0934967652
0.8227495857,0.0929445520
0.8237510513,0.0923926778
0.8247522421,0.0918412903
0.8257537368,0.0912900700
0.8267544619,0.0907396072
0.8277552475,0.0901894442
0.8337619605,0.0868943323
0.8357636616,0.0857988943
0.8387667224,0.0841579162
0.8397676397,0.0836116327
0.8407688554,0.0830655119
0.8417696709,0.0825199343
0.8427707840,0.0819745189
0.8447724117,0.0808849845
0.8457735560,0.0803405217
0.8507783567,0.0776235277
0.8517792627,0.0770811180
0.8527804629,0.0765388677
0.8547825058,0.0754555144
0.8577865119,0.0738323522
0.8617911659,0.0716729209
0.8627921776,0.0711339291
0.8647941843,0.0700568919
0.8657951783,0.0695188458
0.8687986808,0.0679062918
0.8697993534,0.0673696588
0.8708001677,0.0668332584
0.8738039536,0.0652251856
0.8748050259,0.0646898771
0.8758060549,0.0641548980
0.8768073370,0.0636200894
0.8808113516,0.0614844958
0.8818125165,0.0609512704
0.8828136959,0.0604183400
0.8878189258,0.0577585629
0.8888198590,0.0572275678
0.8898210742,0.0566967221
0.8908220833,0.0561662841
0.8958277659,0.0535182168
0.8978298680,0.0524611522
0.9008331944,0.0508776715
0.9018345438,0.0503503047
0.9048375013,0.0487705317
0.9058384620,0.0482445367
0.9078404128,0.0471934022
0.9098422743,0.0461434729
0.9108432594,0.0456189129
0.9118445198,0.0450944969
0.9138465602,0.0440467793
0.9148478062,0.0435232328
0.9158489542,0.0430000239
0.9178507100,0.0419547453
0.9188519685,0.0414323349
0.9198527005,0.0409104836
0.9208537049,0.0403887741
0.9218546764,0.0398673652
0.9228559198,0.0393460978
0.9238569337,0.0388252325
0.9268604392,0.0372640865
0.9278612824,0.0367444356
0.9298637098,0.0357055897
0.9308645785,0.0351867650
0.9318657163,0.0346680797
0.9338681670,0.0336314538
0.9358707132,0.0325958894
0.9368716642,0.0320786891
0.9378725827,0.0315617817
0.9388735835,0.0310451076
0.9438795318,0.0284653728
0.9448807671,0.0279502240
0.9488851602,0.0258926342
0.9508870648,0.0248656171
0.9518880089,0.0243525181
0.9528892163,0.0238395540
0.9538902006,0.0233269736
0.9548914475,0.0228145276
0.9578947035,0.0212790472
0.9588958951,0.0207677012
0.9598973482,0.0202564886
0.9618994598,0.0192352679
0.9629006974,0.0187249634
0.9699112462,0.0151592787
0.9729159660,0.0136349733
0.9749193101,0.0126199769
0.9789272710,0.0105924647
0.9799293395,0.0100861959
0.9829358524,0.0085687858
0.9839384382,0.0080632892
0.9849411070,0.0075580082
0.9859440311,0.0070528558
0.9879500168,0.0060432520
0.9919635394,0.0040263360
0.9939714188,0.0030188473
0.9949756310,0.0025153480
0.9989946569,0.0005027980
1.0000000000,0.0000000000