-0.0031056653282783013 -5.608761344107662E-4 -0.003815920307021122 -0.0022381629065841464 -9.873268163451859E-4 9.493500240502646E-4 0.0000001 0.0062111801242235925 0.0024732069249795404 2.220555508164293E-4 3.0
-7.17617919919218E-5 0.002256526983643441 -7.505382051963273E-4 -1.2358451555168222E-5 5.049796389395345E-4 9.159227996099184E-4 0.0 0.0012422360248446852 -0.0 -7.358192307927811E-4 2.0
0.0023134651189933497 0.005783662797483374 -0.0 -2.4544194553231493E-4 -5.734800661179984E-4 -7.529492395658956E-4 0.0 0.01055900621117999 0.00618301731244863 -0.002970592718281331 4.0
-0.007710376258548847 -0.015257914607382453 0.0015217288895185642 0.001964021812158294 0.002027666382145243 0.006683684361979907 0.0 4.140786749481173E-4 0.004943693050261474 0.009989187430660492 2.0
-0.004553770976283841 -0.001211773314256523 -0.002093021451147173 -0.0010017512244780429 5.355790076053148E-4 0.001676139887298095 0.0 0.008695652173912962 0.0024732069249795404 -0.007400984579343399 5.0
0.016155666056128743 0.04876350355968212 -0.0016390959363075522 0.0026930382287410023 0.0022950730122080066 -0.013025377756674315 0.0 -0.0010256619810395525 0.005350479455026823 -0.02146530835545036 8.0
0.008593135659765837 0.04589118460189034 -0.005160196526753818 5.516675108028076E-4 0.0024938466480096755 -0.00971197749031131 0.0 -1.9892014776937326E-4 0.011444643809708626 -0.0024725030657404483 9.0
6.877695643579618E-4 0.004394765319228445 -7.261577259204473E-4 1.0071962065044248E-4 1.6030687402786027E-4 -0.0012050948240698897 0.0 0.0010331467929401523 0.0045328522959468915 -8.43008388517508E-5 2.0
-7.417115726340044E-4 0.0010438598377788388 0.007757464822662459 0.0050968360257556055 0.001857952470727162 -0.03155158757142264 0.0 -0.016919828628825698 0.0028894892786890053 -0.06797825049316457 2.0
-9.103047605070131E-4 0.020541006651868143 0.005564307886004528 0.006941215821088313 0.006339012206452345 -0.03420586278638957 0.0 -0.009047074207257332 0.00862639389074512 -0.06756009247838067 8.0
-0.0027642858000247444 0.0026975349304926635 1.8322109530120867E-4 7.949290677372458E-4 0.0011338767903615844 -0.002239847768554709 0.0 0.0031055900621117126 0.0016488046166531008 -0.0028929134259353703 3.0
-0.002232891500811179 0.010586164531142098 0.005879653959169917 0.004249585571861185 0.0032976651967232535 -0.027144856623329144 0.0 -0.013824488038866023 0.0016569670157453695 -0.06256204894555334 6.0
-0.005353101233670731 -0.011110025811449507 0.0011363636363635485 7.534962688942714E-4 -5.446207795997131E-4 -0.006586777073771484 0.0 -0.0062111801242235925 0.0016488046166531008 -0.010181962627488557 3.0
-0.0010242173062546232 0.0013614232251606719 0.00529908983790714 8.740609944202372E-4 -6.913843429936733E-4 -0.024592768044260187 0.0 -0.011801242236024842 -0.0 -0.06568082934351767 4.0
-0.0010467419471576012 0.005514652588854335 -0.002334353480501956 -4.213518394858033E-5 2.0585477375090465E-4 -0.001870227473354323 0.0 0.004747555500891696 0.0037111707873179484 -0.00401500318725918 4.0
0.002026171631411605 0.028476204325719297 -0.004969873587364588 9.503947722747214E-4 0.004490682144493156 -0.004970288489384236 0.0 4.072904999484216E-6 0.00820347870744535 -0.009237417635697635 8.0
0.0058823879553367596 0.018553793582798087 0.009547848882768583 0.006533615068915336 0.0027438157040917243 -0.03369307692061154 0.0 -0.010729147448906514 0.006176215313204999 -0.07306774431311554 9.0
-7.417115726340044E-4 0.0021637471074046535 0.008317408457475367 0.004781440138380348 0.001605977369573563 -0.029302825042853343 0.0 -0.01196728368489025 0.0028894892786890053 -0.06758842877266137 2.0
0.0016184906117999122 0.015395086353483144 -0.003943029664119468 -8.724045493809147E-5 1.897907682859184E-5 -0.01009343150446933 0.0 0.005985691736875433 0.0028894892786890053 -0.026211102112707683 3.0
-0.003501581519103014 0.010196087784731363 -0.004234524167929115 -5.516039915166584E-4 0.002503767229171003 3.108134865292297E-4 0.0 0.0062111801242235925 -0.0 -0.010824970236257713 6.0
0.018731322600792074 0.06314076412894094 -0.00335762345528922 3.505067480364401E-4 7.076520308682025E-4 -0.014414375101788428 0.0 0.004347826086956398 4.12201154163441E-4 -0.03515148852924392 7.0
0.003974979583038597 0.015963114936801366 0.007779473348878794 0.00435107769376561 0.0011454574016246985 -0.027669010315948532 0.0 -0.01196728368489025 0.002067807770059841 -0.0675819079453464 4.0
0.0032448638377427464 0.010762849041242705 -0.0013253447234429193 -1.0992940930924978E-4 -2.290196027276037E-4 -0.007020845488608165 0.0 6.211180124223426E-4 4.12201154163441E-4 -0.015057832054736589 2.0
0.010017446927981047 0.03440478223039267 -0.0014985363907534283 -7.111914011498032E-4 6.412568996558129E-4 -0.004615724384379306 0.0 -0.003726708074534222 0.002061005770816321 -0.01803354648460133 8.0
-4.745602626187754E-4 0.0032836343770305436 0.008557288821692492 0.0032098145469092367 -0.0014489557131680177 -0.02690610693629912 0.0 -2.0498944304375109E-4 0.005354533804575946 -0.06840920377866325 4.0
-0.0026050143426497798 0.009037907978345666 -0.00206729776755443 -0.0011461386190213998 0.0019201651940669437 0.006372114443263268 0.0 0.0055900621118012495 -4.122011541632199E-4 0.0026802310692929255 6.0
-4.0065587914610474E-4 0.0100528651928242 5.514645631651588E-5 -2.306271669026891E-4 -0.0013601887923841423 -0.003997681626560064 0.0 0.010319168562819012 0.002067807770059841 -0.011322285312197918 7.0
0.005696218203007197 0.0262386009076767 -0.003663821425362441 3.0731579710024937E-4 9.452825918089601E-4 -0.003271796847490013 0.0 8.254331480874992E-4 0.004940990150562022 -0.001616435653556483 7.0
0.003981444908489773 0.011077207776842377 5.617977528089728E-4 -1.7863529012752743E-4 1.8964089837662394E-4 -0.0035356432164766463 0.0 -6.211180124225091E-4 -4.122011541632199E-4 -0.011472633946466028 2.0
-0.0034237824696008567 0.0031674350365181216 0.007760636267542922 0.005918241055834803 0.0025643765570431973 -0.029962240105050275 0.0 -0.01830254985289309 0.004940990150562022 -0.05360300900753576 6.0
0.002581134813885673 0.011072511116733892 -0.0041151367871218435 -0.0016304192238480299 -8.137183098000878E-4 -5.75271325170582E-4 0.0 0.0018633540372670276 4.12201154163441E-4 -0.001649191129804571 3.0
0.002148531449568708 0.00826946739328562 0.010022691345314753 0.006372545519129408 0.0023772853479174256 -0.031509739458249024 0.0 -0.015681692392841794 0.002067807770059841 -0.06837132072800532 4.0
-0.0010602757787543354 0.0011235955056179455 -7.635469706339465E-4 -3.2895078808765823E-4 -1.5458772883648636E-4 -0.0012010554319770478 0.0 0.0024844720496893704 8.244023083266609E-4 7.887435838194456E-4 2.0
0.004735824322433423 0.03120084629521338 -0.005764880694405663 5.544466870259265E-4 0.002545475119323583 -0.014540868297639755 0.0 0.0045276234063419355 0.008216904586280318 -0.03599327731524633 9.0
0.017903397521535525 0.06065013487978354 -0.003172751441272446 8.88281636632687E-5 0.0034937025115600465 -0.008728213706304316 0.0 0.004968944099378741 8.244023083266609E-4 -0.032980670773576845 8.0
0.004715901720592751 0.028135407966149623 3.288010000944792E-4 0.0019924435231829284 0.001504438774065726 -0.011733923478343945 0.0 0.014033577270770555 0.00864125983909205 -0.013630171301161929 7.0
0.00793273901608751 0.027979325674497506 -0.0011969995662408266 0.002711857376771424 0.0035856571417559307 -0.008235664600198301 0.0 -0.0014431256790276544 0.0037111707873179484 -0.016642728074381302 5.0
-0.0013482207592625374 0.010149703440192073 -0.002454486099089587 -9.8582819277318E-4 6.930373495084717E-4 -0.008663213561974727 0.0 0.0018633540372670276 -4.122011541632199E-4 -0.021451948538984585 3.0
-0.0011580608860934285 0.009894702938483092 -0.002398300806333901 6.322731073465948E-4 -4.965543926022868E-4 -0.006386500631455815 0.0 0.005366623618883564 0.003300330033003477 -0.0025303964370496893 4.0
-3.3716033750977656E-4 0.009377336565595914 -0.0038446033183239976 4.1989299654629096E-4 7.633138189036629E-4 -0.00643106752018654 0.0 0.0016522149109320207 0.003300330033003477 -0.0035998121166914213 7.0
0.005538922461317792 0.01764253483125391 0.01115991852215381 0.004742101182715639 -2.4024315197511582E-4 -0.028935805577777963 0.0 -0.002062193797019523 0.005354533804575946 -0.07175430927992175 5.0
-0.003725134291765509 0.006626196851295327 -0.005797683164371922 -0.0012155400648190702 0.001672393792742134 -0.0010714597681419275 0.0 0.007223827972859336 0.006997896821833942 0.001721123475658496 9.0
0.002878748456354936 0.012721926357613378 -3.516729689754367E-4 0.0013192853802538255 1.2452184753135943E-4 -0.008714764353515531 0.0 -8.240575610356194E-4 0.00412201154163242 -0.004639065995171986 4.0
-0.001308746169527746 -5.281135254651681E-4 0.008186460668347257 0.0037045167918461296 -8.486360397440219E-5 -0.026344977640522314 0.0 -0.013664596273292036 -0.0012366034624896596 -0.06218777642037892 7.0
0.0022857256258533827 0.013192627783670176 0.010904148132751982 0.0048383547369040755 0.0011730787379041045 -0.027416505751383678 0.0 -0.015681692392841794 -0.0012189182644561528 -0.0680735402470652 5.0
0.0011374462739964068 0.006100401641230198 -0.0011609654515042952 -5.423712368534267E-4 -6.92427683153692E-4 -1.3611170923249398E-4 0.0 0.0012422360248446852 -8.244023083264398E-4 -0.001966737247965568 2.0
-3.0971588197057677E-4 0.01090673805890658 0.006308198422898167 0.008103300115597763 0.0053690518335936235 -0.036208380949143096 0.0 -0.014756134813155472 0.010244212290351927 -0.076134845576224 6.0
-7.17617919919218E-5 0.002256526983643441 -7.505382051963273E-4 -1.2358451555168222E-5 5.049796389395345E-4 9.159227996099184E-4 0.0 0.0012422360248446852 -0.0 -7.358192307927811E-4 2.0
0.0043533157579850705 0.01109804737822528 -5.748065182467174E-4 1.0992940930924978E-4 -3.3277815008140666E-4 -0.0019994237329354304 0.0 0.0018633540372670276 0.0012366034624898808 5.736316973232726E-4 2.0
6.91815942673806E-4 0.0057581265359919805 -0.0026959975801477765 -0.0022339691894755183 -0.0015403876585112206 4.2234834642667724E-4 0.0 0.007453416149068277 0.0032976092333059804 -6.40213947905545E-4 4.0
0.018628290281299566 0.06434564946286685 -0.004114392783109055 7.966737955414843E-5 0.003474617544666046 -0.012835849335579066 0.0 0.004968944099378741 8.244023083266609E-4 -0.041585146233426365 7.0
-0.006372869572987223 -0.013697406377986977 -0.0024076413989274664 -0.009340442981142578 0.002328050132995292 6.719255473398838E-5 0.0 -0.0047278522392939885 0.006988436672885916 -0.0018598124242616286 2.0
-7.417115726340044E-4 0.0010438598377788388 0.007757464822662459 0.0050968360257556055 0.001857952470727162 -0.03155158757142264 0.0 -0.016919828628825698 0.0028894892786890053 -0.06797825049316457 2.0
0.012723379605454678 0.03931974647866873 0.0047714310833129195 0.003228957103414836 9.461014057324119E-4 -0.02645789142489459 0.0 0.0010331467929401523 0.011517145119293573 -0.06170061255426277 6.0
0.01054330436280922 0.03473259932638331 -0.0016390959363075522 0.0027193647208553053 0.0023499198707794713 -0.012101703927610853 0.0 -0.0016426936907486252 0.004940990150562022 -0.018885684186513613 8.0
-0.003087015654482495 -0.005548747414926711 -0.0022467725601340678 6.180505891996437E-4 5.85229707998291E-4 2.2178688752572906E-4 0.0 0.004747555500891696 0.005354533804575946 -0.0033089490208368486 5.0
0.0032448638377427464 0.010762849041242705 -0.0013253447234429193 -1.0992940930924978E-4 -2.290196027276037E-4 -0.007020845488608165 0.0 6.211180124223426E-4 4.12201154163441E-4 -0.015057832054736589 2.0
-0.011369580645743746 -0.022481454044885038 -0.0030137382146056537 -0.011620047674058746 -2.7670211845999326E-4 0.003919629095167925 0.0 0.004128487382899661 0.005765374558890417 -0.001028801338210818 5.0
-0.001337675430115331 -6.934991284024885E-4 0.007765564367466142 0.004706139765491161 0.0015643385308284582 -0.029648681204334212 0.0 -0.014285714285714379 -0.0 -0.06814437261505785 4.0
8.50992582730498E-5 0.00598362472881782 -0.002595140137812233 0.0011878674952036324 0.0012597947667412528 -0.0044725228828339505 0.0 -0.002259725400457698 0.006169458063956314 3.5268506484799247E-4 3.0
0.0058823879553367596 0.018553793582798087 0.009547848882768583 0.006533615068915336 0.0027438157040917243 -0.03369307692061154 0.0 -0.010729147448906514 0.006176215313204999 -0.07306774431311554 9.0
-0.004293403108678197 0.0031923285394697826 0.0071890499917761155 -0.006167705142004121 0.0051711327501152956 -0.021933174167531058 0.0 0.03508189328249591 0.03657843113247855 -0.06598405715237816 7.0
-7.417115726340044E-4 0.0010438598377788388 0.007757464822662459 0.0050968360257556055 0.001857952470727162 -0.03155158757142264 0.0 -0.016919828628825698 0.0028894892786890053 -0.06797825049316457 2.0
0.0016184906117999122 0.015395086353483144 -0.003943029664119468 -8.724045493809147E-5 1.897907682859184E-5 -0.01009343150446933 0.0 0.005985691736875433 0.0028894892786890053 -0.026211102112707683 3.0
0.02039327242178733 0.06508736954875628 -0.0025895826151085496 9.705109591360414E-4 8.299890216791833E-4 -0.016060617671931978 0.0 0.004128487382899661 0.00412201154163242 -0.03640618953245862 7.0
-7.17617919919218E-5 0.002256526983643441 -7.505382051963273E-4 -1.2358451555168222E-5 5.049796389395345E-4 9.159227996099184E-4 0.0 0.0012422360248446852 -0.0 -7.358192307927811E-4 2.0
0.0043533157579850705 0.01109804737822528 -5.748065182467174E-4 1.0992940930924978E-4 -3.3277815008140666E-4 -0.0019994237329354304 0.0 0.0018633540372670276 0.0012366034624898808 5.736316973232726E-4 2.0
-0.0013452899552540403 0.012019281805452892 0.005570002704566994 0.008103300115597763 0.005925323706866779 -0.037182799297340245 0.0 -0.015986152123001873 0.00942791885718934 -0.076134845576224 6.0
-7.417115726340044E-4 0.0010438598377788388 0.007757464822662459 0.0050968360257556055 0.001857952470727162 -0.03155158757142264 0.0 -0.016919828628825698 0.0028894892786890053 -0.06797825049316457 2.0
0.0058823879553367596 0.018553793582798087 0.009547848882768583 0.006533615068915336 0.0027438157040917243 -0.03369307692061154 0.0 -0.010729147448906514 0.006176215313204999 -0.07306774431311554 9.0
0.01054330436280922 0.03473259932638331 -0.0016390959363075522 0.0027193647208553053 0.0023499198707794713 -0.012101703927610853 0.0 -0.0016426936907486252 0.004940990150562022 -0.018885684186513613 8.0
1.5069571209551217E-4 0.0032748780496026303 -0.0013034412679465597 7.556152284829242E-4 0.0010576354712267875 -0.003359634277759727 0.0 -0.002062193797019523 0.003300330033003477 -4.416374159796333E-4 2.0
-0.003501581519103014 0.010196087784731363 -0.004234524167929115 -5.516039915166584E-4 0.002503767229171003 3.108134865292297E-4 0.0 0.0062111801242235925 -0.0 -0.010824970236257713 6.0
-7.417115726340044E-4 0.0021637471074046535 0.008317408457475367 0.004781440138380348 0.001605977369573563 -0.029302825042853343 0.0 -0.01196728368489025 0.0028894892786890053 -0.06758842877266137 2.0
-0.0025674870809827832 0.0078120767227726606 -0.006529336217769074 -0.0017479433720681754 -5.876358277729707E-4 -0.005641328143837897 0.0 0.002271283028923889 0.0028894892786890053 -8.942637470084287E-4 7.0
-8.660535275812556E-4 0.0010095666880244546 -0.0011199227268735013 -6.314827184848113E-5 3.680961735322947E-4 1.6013040105154644E-4 0.0 0.0055900621118012495 0.0028854080791427604 -0.00249245158830277 3.0
0.004244754575895905 0.026957540104407506 -0.0019364255225578137 8.198499695918294E-4 0.0011070243890619316 -0.010500615234487457 0.0 0.012176372916794784 0.006997896821833942 -0.014320171215568485 7.0
-7.417115726340044E-4 0.0010438598377788388 0.007757464822662459 0.0050968360257556055 0.001857952470727162 -0.03155158757142264 0.0 -0.016919828628825698 0.0028894892786890053 -0.06797825049316457 2.0
-0.004553770976283841 -0.001211773314256523 -0.002093021451147173 -0.0010017512244780429 5.355790076053148E-4 0.001676139887298095 0.0 0.008695652173912962 0.0024732069249795404 -0.007400984579343399 5.0
-0.004549840436434327 -2.6144297582069527E-4 -0.00396555602539932 -2.3712082350363064E-4 5.053084308006891E-4 -0.003118734332457361 0.0 0.0024844720496893704 4.12201154163441E-4 -0.002330378770375786 3.0
-0.004730741268193155 0.009843032626281554 -0.008171772927488004 -4.99818296588618E-4 4.961107351910795E-4 -0.011678651996671945 0.0 0.004747555500891696 0.005354533804575946 -0.01158732878082432 8.0
0.0027921702908870563 0.019857658201574785 0.014661016210304311 0.00981519539713329 0.007188733370078351 -0.029931209976735665 0.0 -0.017216169432848104 0.008611625424026754 -0.054514518926589914 5.0
0.0018626548085905882 0.023358866717453765 -0.006383345497400597 -0.0022953354608482336 0.0010786120272482489 -0.0039027915032760602 0.0 0.01739130434782609 0.00824402308326473 -0.016968230475286554 7.0
0.005696218203007197 0.0262386009076767 -0.003663821425362441 3.0731579710024937E-4 9.452825918089601E-4 -0.003271796847490013 0.0 8.254331480874992E-4 0.004940990150562022 -0.001616435653556483 7.0
-0.003538160585127807 0.0026093065163224614 -0.00738106753397696 -0.002053447829737007 -0.0024988346881436017 -0.004015362199161864 0.0 0.002271283028923889 4.244447528019547E-4 0.003172566821257303 3.0
6.91815942673806E-4 0.0057581265359919805 -0.0026959975801477765 -0.0022339691894755183 -0.0015403876585112206 4.2234834642667724E-4 0.0 0.007453416149068277 0.0032976092333059804 -6.40213947905545E-4 4.0
0.0016184906117999122 0.015395086353483144 -0.003943029664119468 -8.724045493809147E-5 1.897907682859184E-5 -0.01009343150446933 0.0 0.005985691736875433 0.0028894892786890053 -0.026211102112707683 3.0
-4.0065587914610474E-4 0.0100528651928242 5.514645631651588E-5 -2.306271669026891E-4 -0.0013601887923841423 -0.003997681626560064 0.0 0.010319168562819012 0.002067807770059841 -0.011322285312197918 7.0
-4.0065587914610474E-4 0.0100528651928242 5.514645631651588E-5 -2.306271669026891E-4 -0.0013601887923841423 -0.003997681626560064 0.0 0.010319168562819012 0.002067807770059841 -0.011322285312197918 7.0
-0.004549840436434327 -2.6144297582069527E-4 -0.00396555602539932 -2.3712082350363064E-4 5.053084308006891E-4 -0.003118734332457361 0.0 0.0024844720496893704 4.12201154163441E-4 -0.002330378770375786 3.0
0.005318319020359298 0.013401076205160537 0.010299234133239717 0.006465135940178948 0.0020412072177446753 -0.03188723689517079 0.0 -0.012586351802882286 0.004943693050261474 -0.07003038340752789 7.0
-0.004293403108678197 0.0031923285394697826 0.0071890499917761155 -0.006167705142004121 0.0051711327501152956 -0.021933174167531058 0.0 0.03508189328249591 0.03657843113247855 -0.06598405715237816 7.0
0.017903397521535525 0.06065013487978354 -0.003172751441272446 8.88281636632687E-5 0.0034937025115600465 -0.008728213706304316 0.0 0.004968944099378741 8.244023083266609E-4 -0.032980670773576845 8.0
0.003981444908489773 0.011077207776842377 5.617977528089728E-4 -1.7863529012752743E-4 1.8964089837662394E-4 -0.0035356432164766463 0.0 -6.211180124225091E-4 -4.122011541632199E-4 -0.011472633946466028 2.0
0.00208823763198675 0.013705248004903378 -0.0026513039302350104 1.7609597398919878E-4 0.0013661767589107506 -0.00806458767766099 0.0 0.0024844720496893704 -0.0 -0.02601829484287821 3.0
-7.85009137986045E-4 0.011075852786184564 -0.00511268623189632 1.5661957236062242E-4 -5.774720755826669E-4 -0.008438190753604706 0.0 0.005144655116051008 0.006169458063956314 -0.0038657301610484822 7.0
0.0032448638377427464 0.010762849041242705 -0.0013253447234429193 -1.0992940930924978E-4 -2.290196027276037E-4 -0.007020845488608165 0.0 6.211180124223426E-4 4.12201154163441E-4 -0.015057832054736589 2.0
-7.17617919919218E-5 0.002256526983643441 -7.505382051963273E-4 -1.2358451555168222E-5 5.049796389395345E-4 9.159227996099184E-4 0.0 0.0012422360248446852 -0.0 -7.358192307927811E-4 2.0
0.004061854789027614 0.01222164288384323 -0.0010335029556370983 1.0992940930924978E-4 2.290196027276037E-4 -0.00231602032411365 0.0 0.0 -0.0 -0.003800309994767023 3.0
-0.001876643097547798 0.008907525939797873 -0.0030165096013135767 -0.0019652320751980643 -0.0023994853256625866 -0.002262931951794105 0.0 0.012176372916794784 0.0024786485243743126 -0.009178265849430045 7.0
